State: 0 
-2 
3 
0 
5 
-6 
7 
-8 
9 
-10 
0 
0 
0 
-14 
0 
-16 
17 
-18 
-19 
20 
-21 
-22 
-23 
24 
25 
-26 
-27 
-28 
-29 
-30 
-31 
-32 
33 
-34 
-35 
-36 
-37 
-38 
39 
-40 
41 
0 
43 
-44 
45 
-46 
47 
-48 
49 
-50 
51 
52 
53 
-54 
55 
0 
57 
-58 
59 
60 
61 
62 
0 
64 
0 
-66 
67 
0 
0 
-70 
-71 
-72 
-73 
-74 
75 
-76 
77 
-78 
79 
-80 
-81 
-82 
0 
84 
-85 
-86 
87 
88 
-89 
-90 
91 
0 
-93 
94 
-95 
0 
-97 
0 
99 
0 
101 
0 
-103 
-104 
-105 
106 
-107 
0 
-109 
-110 
111 
-112 
0 
-114 
0 
116 
-117 
118 
119 
120 
121 
122 
123 
0 
-125 
0 
127 
128 
129 
0 
131 
132 
133 
-134 
0 
136 
0 
-138 
139 
-140 
141 
142 
-143 
-144 
